Random 4 x 4 matrix with values [0,1]
A = ( 0.131538     0.45865      0.678865     0.0345721   
      0.45865      0.218959     0.934693     0.5297      
      0.678865     0.934693     0.519416     0.00769819  
      0.0345721    0.5297       0.00769819   0.0668422   )

Eigendecomposition of A into V^T D V:
V = (-0.06157       0.840459      0.318004      0.434409     
     -0.712214     -0.234576     -0.31368       0.582521     
      0.541413     -0.418672      0.309628      0.660089     
      0.44253       0.251628     -0.83941       0.190372     )
D = (-0.781055      3.30872e-24   3.03088e-11   6.02298e-13  
     -1.14503e-16  -0.324297     -1.27082e-12  -1.07571e-20  
      3.03088e-11  -1.27082e-12   0.24885       0            
      6.02289e-13   2.45413e-17  -4.49903e-17   1.79326      )

Tests:
V^TV  ?= I : 1
VV^T  ?= I : 1
V^TAV ?= D : 1
VDV^T ?= A : 1
